[[ 9.14331532e+08  3.07517438e+04 -7.26761970e+08  5.73927630e+07 5.63446867e+08  4.12769459e+08]
 [ 3.07517438e+04  6.39905358e+04 -7.76507820e+04 -1.95748842e+04 1.75687149e+04  3.61422885e+03]
 [-7.26761970e+08 -7.76507820e+04  1.32426003e+09 -3.56809856e+08 -2.03179506e+08 -2.32696791e+08]
 [ 5.73927630e+07 -1.95748842e+04 -3.56809856e+08  7.46403040e+08 1.93401082e+08  1.66360572e+08]
 [ 5.63446867e+08  1.75687149e+04 -2.03179506e+08  1.93401082e+08 1.19546685e+09  5.26092650e+08]
 [ 4.12769459e+08  3.61422885e+03 -2.32696791e+08  1.66360572e+08 5.26092650e+08  6.64407979e+08]]