
#---- 
[[ 1.21076266e+07  4.74461086e+05 -7.23535628e+06  6.82678933e+04 6.49576641e+06  5.23687774e+06]
 [ 4.74461086e+05  8.99937780e+05 -6.74447186e+05 -4.32516060e+05 -1.60207329e+04  4.55929920e+03]
 [-7.23535628e+06 -6.74447186e+05  1.69659344e+07 -2.41317246e+06 -2.11415722e+06 -5.58827015e+05]
 [ 6.82678933e+04 -4.32516060e+05 -2.41317246e+06  1.39071015e+07 3.00677681e+06  4.14417116e+06]
 [ 6.49576641e+06 -1.60207329e+04 -2.11415722e+06  3.00677681e+06 1.80555330e+07  8.49563742e+06]
 [ 5.23687774e+06  4.55929920e+03 -5.58827015e+05  4.14417116e+06 8.49563742e+06  1.29265591e+07]]

#--- np.set_printoptions(suppress=True) K_active = 1000000
 [[12107626.55579585   474461.08599461 -7235356.27603036    68267.89328226 6495766.41043548  5236877.74276899]
 [  474461.08599461   899937.78048339  -674447.18555145  -432516.06014706 -16020.73293853     4559.29919989]
 [-7235356.27603035  -674447.18555145 16965934.39730087 -2413172.45603779 -2114157.21501183  -558827.01477917]
 [   68267.89328226  -432516.06014706 -2413172.45603779 13907101.51499537 3006776.80747005  4144171.15670812]
 [ 6495766.41043549   -16020.73293853 -2114157.21501183  3006776.80747005 18055533.00233426  8495637.41950402]
 [ 5236877.74276899     4559.29919989  -558827.01477917  4144171.15670812 8495637.41950402 12926559.07882671]]





 