

#---- Reduced form - rigid links
[[151.97690165 151.96285352 130.61254199  -9.7975382  -10.1978016 13.71492571]
 [151.96285352 244.38470596 177.04575837 -16.19604097 -14.46313123 14.58450714]
 [130.61254199 177.04575837 177.15383232 -17.47015869 -13.00695093 11.81963947]
 [ -9.7975382  -16.19604097 -17.47015869   3.03973762   1.6597657 -0.80809535]
 [-10.1978016  -14.46313123 -13.00695093   1.6597657    1.63979077 -0.98774987]
 [ 13.71492571  14.58450714  11.81963947  -0.80809535  -0.98774987 1.62645391]]

 